0.001167774 
0.002332820 
0.003492417 
0.004643858 
0.005784454 
0.006911539 
0.008022482 
0.009114687 
0.010185606 
0.011232735 
0.012253630 
0.013245906 
0.014207246 
0.015135404 
0.016028212 
0.016883587 
0.017699528 
0.018474132 
0.019205589 
0.019892190 
0.020532330 
0.021124518 
0.021667367 
0.022159612 
0.022600101 
0.022987809 
0.023321826 
0.023601374 
0.023825800 
0.023994578 
0.024107318 
0.024163753 
0.024163753 
0.024107317 
0.023994576 
0.023825796 
0.023601370 
0.023321820 
0.022987802 
0.022600096 
0.022159604 
0.021667359 
0.021124508 
0.020532319 
0.019892178 
0.019205576 
0.018474119 
0.017699515 
0.016883573 
0.016028197 
0.015135389 
0.014207230 
0.013245890 
0.012253613 
0.011232718 
0.010185587 
0.009114668 
0.008022461 
0.006911517 
0.005784431 
0.004643836 
0.003492394 
0.002332796 
0.001167749 
1.000000000000 
76.530036926 
152.881332397 
228.875564575 
304.335266113 
379.084167480 
452.947692871 
525.753356934 
597.331054688 
667.513671875 
736.137268066 
803.041625977 
868.070434570 
931.071838379 
991.898681641 
1050.408935547 
1106.465942383 
1159.938598633 
1210.702270508 
1258.638305664 
1303.634643555 
1345.586303711 
1384.395263672 
1419.970947266 
1452.230102539 
1481.097656250 
1506.506103516 
1528.395874023 
1546.716064453 
1561.423828125 
1572.484619141 
1579.873168945 
1583.571533203 
1583.571533203 
1579.873046875 
1572.484497070 
1561.423583984 
1546.715820313 
1528.395507813 
1506.505615234 
1481.097290039 
1452.229614258 
1419.970458984 
1384.394653320 
1345.585571289 
1303.633911133 
1258.637451172 
1210.701416016 
1159.937744141 
1106.464965820 
1050.407958984 
991.897705078 
931.070800781 
868.069396973 
803.040527344 
736.136169434 
667.512451172 
597.329772949 
525.752014160 
452.946289063 
379.082702637 
304.333770752 
228.874038696 
152.879760742 
76.528419495 
65534.988281250000 
